-2.4480000e+04 2.4162000e+02 1.0000000e-01 2.5000000e+01
2.0160000e+04 1.1755000e+02 1.0000000e-01 2.5000000e+01
6.4800000e+04 1.0165000e+02 1.0000000e-01 2.5000000e+01
1.0512000e+05 1.3407000e+02 1.0000000e-01 2.5000000e+01
1.4976000e+05 2.2719000e+02 1.0000000e-01 2.5000000e+01
1.9296000e+05 5.6169000e+02 1.0000000e-01 2.7500000e+01
2.3760000e+05 7.6700000e+02 1.0000000e-01 3.0000000e+01
2.8080000e+05 7.3615000e+02 1.0000000e-01 3.0000000e+01
3.2544000e+05 6.9823000e+02 1.0000000e-01 2.7500000e+01
3.7008000e+05 4.2121000e+02 1.0000000e-01 2.5000000e+01
4.1328000e+05 2.7662000e+02 1.0000000e-01 2.5000000e+01
4.5792000e+05 3.0134000e+02 1.0000000e-01 2.5000000e+01
5.0112000e+05 2.4162000e+02 1.0000000e-01 2.5000000e+01
5.4576000e+05 1.1755000e+02 1.0000000e-01 2.5000000e+01
5.9040000e+05 1.0165000e+02 1.0000000e-01 2.5000000e+01
6.3072000e+05 1.3407000e+02 1.0000000e-01 2.5000000e+01
6.7536000e+05 2.2719000e+02 1.0000000e-01 2.5000000e+01
7.1856000e+05 5.6169000e+02 1.0000000e-01 2.7500000e+01
7.6320000e+05 7.6700000e+02 1.0000000e-01 3.0000000e+01
8.0640000e+05 7.3615000e+02 1.0000000e-01 3.0000000e+01
8.5104000e+05 6.9823000e+02 1.0000000e-01 2.7500000e+01
8.9568000e+05 4.2121000e+02 1.0000000e-01 2.5000000e+01
9.3888000e+05 2.7662000e+02 1.0000000e-01 2.5000000e+01
9.8352000e+05 3.0134000e+02 1.0000000e-01 2.5000000e+01
1.0267200e+06 2.4162000e+02 1.0000000e-01 2.5000000e+01
1.0713600e+06 1.1755000e+02 1.0000000e-01 2.5000000e+01
1.1160000e+06 1.0165000e+02 1.0000000e-01 2.5000000e+01
1.1563200e+06 1.3407000e+02 1.0000000e-01 2.5000000e+01
1.2009600e+06 2.2719000e+02 1.0000000e-01 2.5000000e+01
1.2441600e+06 5.6169000e+02 1.0000000e-01 2.7500000e+01
1.2888000e+06 7.6700000e+02 1.0000000e-01 3.0000000e+01
1.3320000e+06 7.3615000e+02 1.0000000e-01 3.0000000e+01
1.3766400e+06 6.9823000e+02 1.0000000e-01 2.7500000e+01
1.4212800e+06 4.2121000e+02 1.0000000e-01 2.5000000e+01
1.4644800e+06 2.7662000e+02 1.0000000e-01 2.5000000e+01
1.5091200e+06 3.0134000e+02 1.0000000e-01 2.5000000e+01
1.5523200e+06 2.4162000e+02 1.0000000e-01 2.5000000e+01
1.5969600e+06 1.1755000e+02 1.0000000e-01 2.5000000e+01
1.6416000e+06 1.0165000e+02 1.0000000e-01 2.5000000e+01
1.6833600e+06 1.3407000e+02 1.0000000e-01 2.5000000e+01
1.7280000e+06 2.2719000e+02 1.0000000e-01 2.5000000e+01
1.7712000e+06 5.6169000e+02 1.0000000e-01 2.7500000e+01
1.8158400e+06 7.6700000e+02 1.0000000e-01 3.0000000e+01
1.8590400e+06 7.3615000e+02 1.0000000e-01 3.0000000e+01
1.9036800e+06 6.9823000e+02 1.0000000e-01 2.7500000e+01
1.9483200e+06 4.2121000e+02 1.0000000e-01 2.5000000e+01
1.9915200e+06 2.7662000e+02 1.0000000e-01 2.5000000e+01
2.0361600e+06 3.0134000e+02 1.0000000e-01 2.5000000e+01
2.0793600e+06 2.4162000e+02 1.0000000e-01 2.5000000e+01
2.1240000e+06 1.1755000e+02 1.0000000e-01 2.5000000e+01
